Run	%correct	%correct <20	%correct <40	%correct <60	%correct <80	%correct <100	%correct >100
1	33,03194695599759	28,87853277209862	39,98447204968944	42,14372716199756	41,5	41,533546325878596	43,75	
2	33,13912606730287	28,00180559735179	39,74151857835218	44,85207100591716	43,5960591133005	45,723684210526315	48,643410852713174	
3	33,42377650487388	28,640192539109506	40,55118110236221	44,730679156908664	43,99038461538461	42,21453287197232	46,41350210970464	
4	31,838294448913917	27,211696255408025	39,27091963545982	42,53012048192771	39,38053097345133	44,08945686900959	45,33029612756264	
5	32,82741984119007	28,405264768901134	38,45577211394303	43,45307068366164	40,20100502512563	41,23711340206185	45,746691871455575	
6	32,90491013153931	27,846572032618543	40,574088440651664	48,05491990846682	39,79057591623037	41,17647058823529	43,538767395626245	
7	32,70623742454728	28,57357583045243	41,278195488721806	40,5440414507772	41,60401002506266	43,0	39,711934156378604	
8	32,19845334940243	27,388630568471577	41,20443740095087	43,96551724137931	39,66745843230404	38,0327868852459	44,89795918367347	
9	32,435149808968426	27,705433318365515	38,76898481215028	45,169082125603865	47,13216957605985	40,13840830449827	42,54032258064516	
10	32,78507672249524	28,082917234074745	39,84189723320158	43,84787472035794	40,458015267175576	42,10526315789473	45,45454545454545	
11	33,04880498091987	28,366247755834827	41,20065789473684	41,82027649769585	43,46793349168646	46,47435897435898	44,42013129102845	
12	31,822739121716463	26,791044776119406	39,45409429280397	42,95377677564825	42,278481012658226	45,42483660130719	45,073375262054505	
13	33,41698454125678	28,817920387467836	40,09360374414976	43,529411764705884	46,774193548387096	41,724137931034484	43,48697394789579	
14	32,83432131015774	28,140096618357486	39,92	43,23040380047506	43,76470588235294	41,509433962264154	45,1417004048583	
15	32,52285742992063	28,362042913266848	38,4080370942813	42,36686390532544	41,451990632318505	42,17687074829932	42,94736842105264	
16	33,189395460935934	29,083545822708867	39,02834008097166	42,61168384879725	40,26315789473684	44,936708860759495	44,558521560574945	
17	32,988344051446944	27,997583811537304	41,65366614664587	44,29065743944637	42,56410256410256	36,42611683848797	47,8	
18	32,510040160642575	28,091740368760306	41,338582677165356	39,678615574783684	43,91534391534391	44,31486880466473	40,899795501022496	
19	32,626820693119036	27,464042392127176	40,30769230769231	44,36450839328538	39,95157384987893	46,885245901639344	46,58634538152611	
20	33,35676272718145	28,50877192982456	42,678151918559124	44,52214452214452	42,465753424657535	42,950819672131146	41,15138592750533	
